3.119945375160350886e+04
1.728969973919140102e+04
2.731344982717119274e+04
2.154386095002603906e+04
7.280628458185346972e+04
9.388261896003699803e+03
5.230082162017602059e+03
4.179636211687353580e+02
5.178441637300226830e+03
1.566643372725774270e+03
1.816811768094373974e+03
7.499343491394452030e+02
1.757252766290526324e+03
1.698768678789038518e+02
7.138922042253770996e+02
1.150949575704157013e+02
4.515446498231600572e+02
3.225543694839446118e+01
1.617210847248976791e+02
1.165758407776045260e+02
7.554343918610638298e+01
6.219125758817861538e+01
2.409162858933136420e+01
1.134002730645975845e+02
6.037093275261021574e+01
1.379837937128482679e+02
8.006224582771963583e+01
1.946943924337658132e+02
1.077633729481282217e+02
2.103813493954562546e+02
1.001161353939141918e+02
2.628452774311070357e+02
1.537423741948663860e+02
2.630950651716561879e+02
1.217953676779630712e+02
2.698604412326774877e+02
1.516338420099883137e+02
2.565535425543307042e+02
2.006150059036486368e+02
2.638481965055431715e+02
2.023137336309441139e+02
2.721290659542425487e+02
2.247196614694493917e+02
2.850656655524651910e+02
2.214543512798207416e+02
2.631656757781672127e+02
2.331670302744103651e+02
2.803022318601096003e+02
2.544188064958001405e+02
2.709802242585847694e+02
2.419501911031206873e+02
2.833262524879404509e+02
2.392432244146525306e+02
3.128999042739714582e+02
2.460201626680617437e+02
3.007319127528836589e+02
2.438637826141899154e+02
3.037715827770233545e+02
2.175448165857468439e+02
3.345283170431848703e+02
2.579107086344089907e+02
3.030543024306756479e+02
2.563114974504631505e+02
3.183810155626799769e+02
2.583130962166934523e+02
3.157806262870730052e+02
2.481334013725502530e+02
3.022280829119913506e+02
2.817256437383654202e+02
3.069616923069489189e+02
2.660116169267756732e+02
3.052155635504677775e+02
2.733115122011035396e+02
3.218794861988471894e+02
2.712498658425016060e+02
3.020775549669723432e+02
2.639368265196236507e+02
3.157764230843636710e+02
2.633529879293128033e+02
3.056388644344132217e+02
2.742829350530815304e+02
3.095323071994187671e+02
2.726219380712216775e+02
3.051599934019673128e+02
2.740532710649313799e+02
3.103226484598815205e+02
2.632993384211953867e+02
3.095486307330028808e+02
2.670834604002968149e+02
3.185805016567479129e+02
2.779728592948359278e+02
2.972058308116631338e+02
2.632063999957291003e+02
3.220073391125233684e+02
2.828814406891934823e+02
3.066012044006379824e+02
2.732169846182019910e+02
3.106192019846178596e+02
2.571243849181762471e+02
3.019810704956808536e+02
2.534793380289092113e+02
3.021651187485257424e+02
2.628500092902422693e+02
3.016405922327172675e+02
2.589962144356835552e+02
3.061720030253921436e+02
2.569982018833525217e+02
3.022742668217630353e+02
2.477898668957451491e+02
2.944689524390544193e+02
2.689433687438780680e+02
2.966495081448737210e+02
2.609149717316672081e+02
2.872313917758633579e+02
2.546177003039443036e+02
2.868855012142560099e+02
2.634990726414140454e+02
2.918683001971180602e+02
2.634116057836489517e+02
2.830842852261288272e+02
2.547107170919343844e+02
2.995010001013030205e+02
2.542929273216853971e+02
2.949170955848643985e+02
2.560034691517082592e+02
2.992486775502801493e+02
2.614894790424407347e+02
2.740271662758731281e+02
2.650202583376877783e+02
2.886397376762213867e+02
2.474140806134150523e+02
2.981780521931009957e+02
2.353473593927771503e+02
2.679951325704229816e+02
2.471515671208809408e+02
2.762027941960332669e+02
2.603012615871363664e+02
2.794121299436434356e+02
2.472490966826839269e+02
2.698300644215913735e+02
2.502910412212598317e+02
2.702043929364291444e+02
2.310039193542758653e+02
2.627996017529357573e+02
2.431962413102698406e+02
2.693624201724252885e+02
2.390071823112425591e+02
2.714373425827666324e+02
2.365084346028943969e+02
2.679376063752430923e+02
2.378504538610958434e+02
2.671788002811828733e+02
2.285265007119568281e+02
2.691158735195787131e+02
2.395823939399234348e+02
2.688367374242606616e+02
2.357728461952356156e+02
2.576578440708343010e+02
2.320612314597300383e+02
2.653692330955717011e+02
2.288804946452659124e+02
2.633028358260136201e+02
2.320721912360244232e+02
2.443929051764537803e+02
2.227075641517115514e+02
2.498800767812328161e+02
2.173748192330914719e+02
2.513570766750402186e+02
2.261201508204073320e+02
2.484531342237390845e+02
2.314915306853893640e+02
2.415939990141337148e+02
2.166030431475836053e+02
2.413179084241003238e+02
2.164853669251216388e+02
2.460784638366477566e+02
2.141807543795011384e+02
2.470366406919686426e+02
2.129470576401970447e+02
2.357403687489851905e+02
2.126326304731807397e+02
2.291592023541415983e+02
2.122085942481546681e+02
2.260420853216648140e+02
2.141595892344539038e+02
2.306279727259977221e+02
2.023138322845900348e+02
2.302208279609228327e+02
2.031513390890807500e+02
2.303291157721047000e+02
2.057303579581305542e+02
2.257976470012999357e+02
1.947737819866330256e+02
2.226833963741345599e+02
1.945141522364036177e+02
2.244070364886267441e+02
1.882096459872690843e+02
2.230816639735991771e+02
1.922644026061165334e+02
2.210182399101154829e+02
1.883050097270188417e+02
2.110323815531419314e+02
1.958429387822924639e+02
2.065676088045477172e+02
1.854568351142216613e+02
2.256352267105137912e+02
1.787231656900067094e+02
2.089726972299035310e+02
1.789071058487136270e+02
2.053292695275975461e+02
1.739118490522797345e+02
2.044142123294145392e+02
1.796318867467977043e+02
1.984349472539515489e+02
1.766914346921683716e+02
1.977504260586041767e+02
1.731293056672522539e+02
1.880872474137668178e+02
1.688153019713622882e+02
1.972278568858220069e+02
1.662079510440293291e+02
1.884242519155860975e+02
1.717071500791016661e+02
1.890811149373250828e+02
1.596904202458545683e+02
1.816175471916518802e+02
1.610920367341012707e+02
2.045095609343970011e+02
1.568438182555942149e+02
1.907251943798332263e+02
1.528714165311170348e+02
1.803476105928418463e+02
1.457744761903929032e+02
1.741710529497244977e+02
1.573041590358587314e+02
1.834907427343791539e+02
1.512164816472505890e+02
1.716929467637146729e+02
1.417241261499488587e+02
1.647800262563639535e+02
1.506058822572599354e+02
1.727706428064210513e+02
1.497796417993103546e+02
1.610759861923479264e+02
1.429316288060011004e+02
1.599081361698812600e+02
1.408618980589244529e+02
1.595576003625533872e+02
1.388038114684256357e+02
1.637901439839851605e+02
1.204322548336400018e+02
1.469733973930643742e+02
1.301947753337512381e+02
1.461339485132247376e+02
1.307840644531965779e+02
1.487126427095897157e+02
1.242983583734611130e+02
1.391357280832890808e+02
1.216093571942920732e+02
1.415196536171093840e+02
1.110430427641487228e+02
1.441636892755907411e+02
1.190839366574288931e+02
1.461707235952412702e+02
1.030865710227527927e+02
1.286913570204260111e+02
9.963409313650754484e+01
1.451514142744312892e+02
9.911169994374006365e+01
1.354490701472585101e+02
1.082048972841939189e+02
1.306350313779786632e+02
1.039617324991176162e+02
1.279773701964244594e+02
1.048367201237361002e+02
1.226117281695168657e+02
1.021948368111031868e+02
1.203482803306477535e+02
9.492430176752954196e+01
1.231386271616710673e+02
9.892911771296162726e+01
1.162166664067026716e+02
8.771518132900720843e+01
1.226523789843249403e+02
7.978139626192302103e+01
1.104709002761283330e+02
7.497155576486537143e+01
1.098421483459777050e+02
8.749205176118903182e+01
1.068963223547036847e+02
8.067023987220167669e+01
9.445095185094254475e+01
7.218909722814547081e+01
1.003566882851069977e+02
7.740155671897340994e+01
9.562498272319899684e+01
6.791255081775325664e+01
9.154935541325696136e+01
6.388913043971410133e+01
8.725116343139788455e+01
6.073563835994825411e+01
8.562499470817843417e+01
6.872549845727562001e+01
8.381160756506261578e+01
5.774028905785659305e+01
7.413149701737646069e+01
5.618888768135180101e+01
7.339846279746157620e+01
5.583320487051139480e+01
7.897844934729297961e+01
5.316156146356480150e+01
7.494569577978209907e+01
4.382573448977321817e+01
7.318186467267457829e+01
4.707777491654702828e+01
7.000482229969568948e+01
4.158675248078351672e+01
5.532460485419980500e+01
3.812504440889487256e+01
5.720923095792736035e+01
2.553675927295790515e+01
6.252056451763870371e+01
2.927419574205188724e+01
5.234881499490784051e+01
1.980061306548254407e+01
5.408977169796487772e+01
3.187206960936041611e+01
5.438809129109250762e+01
1.638978904462794262e+01
4.668531282301152885e+01
2.586687793212133712e+01
3.960130754614864657e+01
1.949310052297761331e+01
3.837405624481000643e+01
3.123226886270646929e+00
3.788339213786482418e+01
1.146686923178844353e+01
4.547759083422672433e+01
6.584484125643861319e+00
3.221272999948544680e+01
1.403297472073463226e+01
3.265459961730403649e+01
3.539208430104991976e+00
2.522316784681699176e+01
1.303862032704081741e+00
2.229901136001499751e+01
8.074670298145232294e+00
3.238279681265184706e+01
1.346455125469859126e+01
1.935779086600170729e+01
8.617468018100424842e+00
6.587377861219554376e+00
1.436378576176350563e+01
1.631921708224965073e+01
1.693577625724836722e+01
6.174637333344179524e+00
1.369472902172253370e+01
5.341489287045124712e+00
1.391350066178759448e+01
3.507098682555707114e+00
2.721558498664974124e+01
4.270773804132819151e+00
2.249092713890680884e+01
2.717342022994859718e+00
2.634206486387220991e+01
1.017474429836937588e+00
3.412529376710112672e+01
1.437647345885544325e+00
3.722053110449417090e+01
6.114638395149949446e+00
2.631407808042265373e+01
1.520124252721917202e+01
3.386785450883365911e+01
6.015569760631578333e+00
3.916373292187198984e+01
1.815481355179599632e+01
4.493342399278585475e+01
2.661517104099488051e+01
4.811849546530602595e+01
2.846740072228863383e+01
5.238305931353899325e+01
2.419362024321980442e+01
5.424028497023215323e+01
2.809415266980611392e+01
6.453961628669429729e+01
2.724134833968095748e+01
6.861834753387913111e+01
4.293826688027502314e+01
5.833438009801280799e+01
3.125780679921623673e+01
6.661722909047789187e+01
4.450320311213715740e+01
7.131542668534984841e+01
4.381291765496236223e+01
6.735042185960786298e+01
5.280462272075087782e+01
7.207872776977478679e+01
5.799150526568099906e+01
8.295216089560950934e+01
3.874203913133325017e+01
7.643409448646229976e+01
5.339446496686313992e+01
1.015662522680746918e+02
6.208339225960935437e+01
8.532170658604104574e+01
6.753060596147687988e+01
8.758356675174907480e+01
6.855817726973511128e+01
9.371469237705125011e+01
7.314009354918005101e+01
9.286979547114262346e+01
7.001519174321904870e+01
1.015559625470602896e+02
7.040971960989946865e+01
9.954452762078926753e+01
7.805637115037340834e+01
1.059551663863108502e+02
8.450006358247537719e+01
1.095407475578851404e+02
8.857584607011580147e+01
1.081839463179874201e+02
9.048877637169083243e+01
1.221870338540124123e+02
8.297564048135642167e+01
1.138993963762609667e+02
8.724150252544383477e+01
1.192726462534822787e+02
9.504906173722361018e+01
1.212780784376586212e+02
1.015246700523006211e+02
1.263623548628047502e+02
1.032190379403847800e+02
1.270251536800449657e+02
1.035747641831541301e+02
1.248363550583265464e+02
1.062569981136772270e+02
1.262864865999902690e+02
1.111170575057107754e+02
1.395525382588404568e+02
1.095822504329177747e+02
1.298647588682527498e+02
9.973631675656244511e+01
1.432876294961027384e+02
1.192969122138760838e+02
1.382907889817563216e+02
1.146647381284839042e+02
1.444083211211975026e+02
1.304606509559759218e+02
1.534404076749796957e+02
1.302402826262494102e+02
1.510168033517452955e+02
1.145303787496193451e+02
1.575619889322330778e+02
1.341254877604196452e+02
1.639261653267344911e+02
1.369378629533280787e+02
1.663906845908531977e+02
1.270843221776903249e+02
1.542605534098805720e+02
1.327904871713807324e+02
1.645287148262811456e+02
1.326901830586185156e+02
1.654478407882631643e+02
1.402078872527408180e+02
1.633521117367219233e+02
1.416106873453297510e+02
1.661583137624938900e+02
1.559851419667753021e+02
1.745048975524551054e+02
1.441618971977919728e+02
1.751153767716520804e+02
1.486024482296620590e+02
1.773064173762135738e+02
1.616354739039340700e+02
1.847572450519659526e+02
1.507433539094966477e+02
1.798463159101726205e+02
1.586041478842105050e+02
1.832769557473819759e+02
1.645531516838849484e+02
1.926393632847844231e+02
1.580787942426549932e+02
1.841202811204236980e+02
1.672171437782515397e+02
1.974520227993762376e+02
1.648714683164153882e+02
1.982193793918790163e+02
1.686054319819150749e+02
1.945279733728713154e+02
1.827652312707414524e+02
1.965888803582004414e+02
1.742524974992095395e+02
2.072635537983103404e+02
1.796295463810686499e+02
1.939620101584713723e+02
1.831911858744334722e+02
2.060386846994480834e+02
1.836603823966519258e+02
2.050970537230672619e+02
1.870181742231335988e+02
2.122435051896966058e+02
1.931862673236460068e+02
2.095304850775428065e+02
1.917040816439591140e+02
2.134891215711369057e+02
1.922827845512727549e+02
2.197235502739929416e+02
1.941665319872193152e+02
2.141565590815691280e+02
1.983429441939873072e+02
2.211293076483006246e+02
1.981356050164411045e+02
2.171376047507756368e+02
1.930339721627363758e+02
2.311668124131392119e+02
2.066181336908433082e+02
2.285879311497592994e+02
2.088214548308646386e+02
2.274756958356682901e+02
1.985358628372550811e+02
2.329802979164927024e+02
2.141766374526430070e+02
2.306973943724456717e+02
2.122606007056495798e+02
2.376822955828863826e+02
2.189440731663871702e+02
2.413648484012334734e+02
2.128934199879292919e+02
2.400468509419785619e+02
2.251584874524517090e+02
2.459883196612182417e+02
2.248918227812402506e+02
2.415789682032760197e+02
2.264201526096991017e+02
2.456416849308998280e+02
2.193669382262775400e+02
2.452884421292961576e+02
2.310739613360204316e+02
2.463637748830493877e+02
2.267685264492848205e+02
2.518240614455896207e+02
2.315044177404419372e+02
2.524585075175473321e+02
2.338663151436081193e+02
2.566019122900167986e+02
2.369306970700704369e+02
2.649148759594173157e+02
2.256267894255675799e+02
2.692140316107410172e+02
2.470237644576558864e+02
2.701397386296098944e+02
2.381567998109169935e+02
2.621905373969020161e+02
2.474521760895535465e+02
2.693225501031345175e+02
2.446903222547551309e+02
2.612714647989599257e+02
2.466915835948430242e+02
2.726623440575398263e+02
2.520871258847761283e+02
2.706151015915740459e+02
2.448726553215557828e+02
2.701545656801860105e+02
2.510579286397202168e+02
2.869818795804033016e+02
2.586623607781645546e+02
2.795722267254185454e+02
2.506748552932613450e+02
2.752858548025656660e+02
2.609733863390264332e+02
2.710215033306756141e+02
2.648514076091625498e+02
2.756227217023726439e+02
2.613441545505311865e+02
2.843562929514887969e+02
2.607170960183769353e+02
2.827974875384003326e+02
2.497597169570437643e+02
2.881136799074136547e+02
2.684330379236888007e+02
2.893005279009200876e+02
2.694682107010299319e+02
2.994830214057411695e+02
2.664032678213882832e+02
2.848808101895065761e+02
2.728242134632673128e+02
2.863277616044463230e+02
2.696092735942178820e+02
2.916849995272220326e+02
2.750880082566225155e+02
2.920086631663907610e+02
2.739427042161788108e+02
2.985818411080977057e+02
2.691882161985456037e+02
2.994232675368422179e+02
2.780154003029091996e+02
3.029931405811966556e+02
2.838870594572844652e+02
3.091839665165898055e+02
2.810928494601283774e+02
3.215792580894863590e+02
2.836573023318110813e+02
3.055770829025265130e+02
2.855673488189250406e+02
3.016238380238242485e+02
2.834619647116753072e+02
3.119851195583102026e+02
2.877412905902102125e+02
3.088615705823317512e+02
2.867359755860044288e+02
3.078529522297782250e+02
2.908746927863953715e+02
3.093749110766061108e+02
2.853916777198212458e+02
3.069295488372792988e+02
2.847021383341014484e+02
3.076535988960124541e+02
2.966306729740283004e+02
3.090696706317462485e+02
2.925090243776901957e+02
3.285011935089641497e+02
2.966064967425233476e+02
3.150840434833488075e+02
2.968827499200696138e+02
3.229067211229497616e+02
2.856255658909710746e+02
3.159896175200887569e+02
2.926701025483694707e+02
3.227170316207710243e+02
3.000397508636474413e+02
3.138647460202757316e+02
3.000210343895358278e+02
3.179761836559866310e+02
2.971483799243734438e+02
3.169271737933225381e+02
2.924376091011928906e+02
3.284638363501516096e+02
3.042675714095886406e+02
3.321206626789552843e+02
3.039723661536368695e+02
3.364665562219672665e+02
3.019903863613921544e+02
3.306078007660779576e+02
3.069509757620605797e+02
3.217742575130410501e+02
3.074966276518608197e+02
3.363117420609654005e+02
3.102175824941975861e+02
3.369476886801516571e+02
3.041599908964839187e+02
3.247469794400350338e+02
3.053126013878350022e+02
3.414333832838601097e+02
3.082375119392132206e+02
3.261020594073285679e+02
2.989396346387828771e+02
3.240433332599917549e+02
2.992438729869517147e+02
3.244386355450220663e+02
3.058166088755239684e+02
3.259531498535865808e+02
3.124520583245142689e+02
3.353917788350884166e+02
3.159026663804885970e+02
3.264624536970326858e+02
2.936855617043300981e+02
3.409860397650900836e+02
3.080412293737894629e+02
3.324953545717517613e+02
3.149139202905050752e+02
3.297836734252468887e+02
3.119337866231825274e+02
3.342788905881863002e+02
3.099269425628021963e+02
3.317382999017189604e+02
3.185272527387092509e+02
3.399023646093218645e+02
3.154446708322521431e+02
3.496308855118402903e+02
3.085339705628440470e+02
3.457436080414404387e+02
3.029400917098964214e+02
3.402840111058782213e+02
3.106186732613646200e+02
3.348229750544182366e+02
3.143764694322918558e+02
3.267991882877900025e+02
3.095850179917781588e+02
3.359148075299535208e+02
3.102880841206953733e+02
3.330518396582071432e+02
3.210683500709018858e+02
3.470835334329193529e+02
3.037752723058355855e+02
3.269691000803146039e+02
2.982870877392895181e+02
3.366329439736311997e+02
3.188173154358141232e+02
3.439339241229261575e+02
3.214038073784694234e+02
3.354237406176746390e+02
3.182178254722981592e+02
3.431753107933333808e+02
3.169808363761641203e+02
3.298677483752772446e+02
